      MDL_LR = 1.000000D+03
      MDL_XI = 1.000000D-08
      MDL_REFMEIO = -1.812330D+00
      MDL_FMEIOH = -1.544280D+00
      MDL_IMFMEIO = 1.406220D+00
      MDL_K = 3.500000D+01
      AEWM1 = 1.279000D+02
      MDL_GF = 1.166378D-05
      AS = 1.180000D-01
      MDL_LAMWS = 2.253000D-01
      MDL_AWS = 8.080000D-01
      MDL_RHOWS = 1.320000D-01
      MDL_ETAWS = 3.410000D-01
      MDL_YMC = 0.000000D+00
      MDL_YMB = 4.800000D+00
      MDL_YMT = 1.725000D+02
      MDL_YME = 5.110000D-04
      MDL_YMM = 1.056600D-01
      MDL_YMTAU = 1.777000D+00
      MDL_MC = 0.000000D+00
      MDL_MT = 1.725000D+02
      MDL_MB = 4.800000D+00
      MDL_MZ = 9.118760D+01
      MDL_MH = 1.250000D+02
      MDL_MH02 = 3.500000D+03
      MDL_ME = 5.110000D-04
      MDL_MM = 1.056600D-01
      MDL_MTA = 1.777000D+00
      MDL_MP = 1.200000D+02
      MDL_WT = 1.491500D+00
      MDL_WZ = 2.495200D+00
      MDL_WW = 2.085000D+00
      MDL_WH = 6.382339D-03
      MDL_WH02 = 1.000000D-03
      MDL_WTAU = 2.270000D-12
      MDL_WH1 = 6.382339D-03
