SetDesc: "NNPDF3.0 LO global fit, alphas(mb)=0.2544. mem=0 => average on replicas; mem=1-100 => PDF replicas"
SetIndex: 263400
Authors: NNPDF Collaboration. R.D. Ball, V. Bertone, S. Carrazza,  C.S. Deans, L. Del Debbio, S. Forte, A. Guffanti, N.P. Hartland, J.I. Latorre, J. Rojo and M. Ubiali
Reference: arXiv:1410.8849
Format: lhagrid1
DataVersion: 2
ForcePositive: 2
NumMembers: 101
Particle: 2212
Flavors: [-4, -3, -2, -1, 1, 2, 3, 4, 21]
OrderQCD: 0
FlavorScheme: variable
NumFlavors: 4
ErrorType: replicas
XMin: 9.9999997e-10
XMax: 1.0000000e+00
QMin: 1.0000000e+00
QMax: 1.0000000e+05
MZ: 4.1799998e+00
MUp: 0
MDown: 0
MStrange: 0
MCharm: 1.2750000e+00
MBottom: 4.1799998e+00
MTop: 1.7307001e+02
AlphaS_MZ: 0.25440235644200060
AlphaS_OrderQCD: 0
AlphaS_Type: ipol
AlphaS_Qs: [1.0000000e+00, 1.0796795e+00, 1.1706605e+00, 1.2750000e+00, 1.2750000e+00, 1.3765850e+00, 1.4916344e+00, 1.6224151e+00, 1.7716542e+00, 1.9426481e+00, 2.1394005e+00, 2.3667996e+00, 2.6308434e+00, 2.9389341e+00, 3.3002560e+00, 3.7262747e+00, 4.2313900e+00, 4.8338027e+00, 5.5566711e+00, 6.4296651e+00, 7.4910703e+00, 8.7906618e+00, 1.0393658e+01, 1.2386201e+01, 1.4883045e+01, 1.8038403e+01, 2.2061424e+01, 2.7238491e+01, 3.3965668e+01, 4.2796432e+01, 5.4512680e+01, 7.0231544e+01, 9.1568115e+01, 1.2088638e+02, 1.6169124e+02, 2.1924959e+02, 3.0158786e+02, 4.2111868e+02, 5.9733411e+02, 8.6133734e+02, 1.2635968e+03, 1.8874476e+03, 2.8730352e+03, 4.4605913e+03, 7.0702271e+03, 1.1452141e+04, 1.8975590e+04, 3.2197553e+04, 5.6008633e+04, 1.0000000e+05]
AlphaS_Vals: [4.9800929e-01, 4.7218633e-01, 4.4768882e-01, 4.2445013e-01, 4.2445013e-01, 4.0689072e-01, 3.8999745e-01, 3.7375000e-01, 3.5812822e-01, 3.4311223e-01, 3.2868242e-01, 3.1481951e-01, 3.0150455e-01, 2.8871894e-01, 2.7644441e-01, 2.6466316e-01, 2.5335777e-01, 2.4251120e-01, 2.3210686e-01, 2.2212858e-01, 2.1256062e-01, 2.0338771e-01, 1.9459495e-01, 1.8616796e-01, 1.7809269e-01, 1.7035563e-01, 1.6294362e-01, 1.5584396e-01, 1.4904433e-01, 1.4253289e-01, 1.3629811e-01, 1.3032892e-01, 1.2461463e-01, 1.1914491e-01, 1.1390980e-01, 1.0889971e-01, 1.0410540e-01, 9.9517971e-02, 9.5128857e-02, 9.0929814e-02, 8.6912923e-02, 8.3070546e-02, 7.9395369e-02, 7.5880334e-02, 7.2518684e-02, 6.9303915e-02, 6.6229790e-02, 6.3290320e-02, 6.0479749e-02, 5.7792567e-02]
AlphaS_Lambda4: 0.342207
AlphaS_Lambda5: 0.239
